L963 [ 273 349 352 365 384 385 389 424 427 452 479 485 491 498 541 551 552 560 561 578 579 581 584 586 589 595 620 624 625 643 658 659 679 694 714 715 716 963 ]
L516 [ 0 4 8 10 11 14 18 20 30 40 41 43 47 51 59 69 75 86 114 133 139 140 143 144 148 153 163 172 175 180 181 182 197 199 206 221 222 516 ]
L646 [ 171 191 212 213 215 219 243 260 261 264 279 284 322 328 335 336 341 343 346 353 359 376 377 393 413 420 429 435 438 488 501 502 503 505 522 529 533 646 ]
L777 [ 1 3 12 13 17 23 24 34 45 48 60 63 80 87 111 116 118 120 121 127 130 132 134 137 145 146 155 161 164 165 178 184 186 187 190 192 194 777 ]
L1163 [ 306 309 320 348 351 363 366 397 428 443 446 450 453 457 458 472 476 477 493 514 536 539 540 592 615 616 629 660 662 664 667 719 733 737 740 742 753 1163 ]
L717 [ 2 21 22 29 38 44 49 50 55 61 64 73 106 115 117 142 179 188 189 208 216 223 224 225 233 241 247 252 262 266 270 274 276 281 292 301 302 717 ]
L78 [ 78 135 489 538 591 744 776 778 786 870 872 893 894 900 902 913 915 920 966 976 981 997 1049 1071 1072 1078 1083 1085 1104 1119 1159 1174 1180 1184 1188 1192 1201 1202 ]
L1107 [ 691 775 856 1003 1106 1107 1141 1190 1204 1225 1255 1263 1277 1290 1304 1313 1314 1318 1343 1345 1347 1348 1349 1353 1354 1356 1357 1358 1359 1361 1363 1364 1365 1366 1367 1370 1371 1373 ]
L1235 [ 608 630 762 814 874 889 914 951 968 985 986 993 1067 1079 1109 1118 1126 1168 1169 1187 1189 1195 1196 1205 1211 1213 1217 1224 1226 1229 1233 1235 1238 1268 1275 1284 1286 1289 ]
L275 [ 275 871 1037 1044 1059 1081 1084 1148 1173 1199 1216 1220 1249 1252 1265 1270 1272 1280 1303 1306 1309 1317 1319 1320 1321 1323 1327 1328 1329 1332 1339 1340 1341 1342 1344 1346 1351 1355 ]
L788 [ 74 200 201 311 372 378 390 402 408 425 439 440 577 587 598 601 623 639 648 649 656 657 682 684 687 703 705 707 711 718 723 728 745 746 752 756 759 788 ]
L25 [ 25 94 214 289 324 340 347 356 412 414 421 441 445 459 460 473 478 492 518 521 563 564 565 607 610 617 627 634 635 638 645 661 670 675 686 693 695 697 ]
L409 [ 409 599 642 644 720 725 763 818 822 837 851 887 890 918 947 959 970 971 1002 1021 1058 1069 1070 1089 1092 1096 1108 1116 1130 1138 1140 1144 1145 1166 1167 1171 1177 1203 ]
L283 [ 119 269 283 355 357 358 369 371 375 386 400 415 434 437 451 456 468 480 487 508 524 534 537 545 547 548 555 556 559 573 574 575 582 588 594 602 604 605 ]
L1243 [ 245 278 288 294 319 330 383 404 449 465 466 469 509 513 523 532 542 544 590 593 596 611 640 652 653 673 674 676 683 685 689 690 701 704 749 754 761 1243 ]
L924 [ 85 108 129 150 257 299 300 312 329 350 361 374 379 387 388 394 403 406 411 416 417 419 442 444 448 454 462 467 471 474 475 482 484 486 490 495 497 924 ]
L863 [ 5 6 16 26 27 31 32 35 36 37 39 53 54 58 62 66 68 70 72 77 79 81 83 84 88 89 91 93 99 100 101 102 105 107 109 110 112 863 ]
L1375 [ 9 28 42 56 57 76 113 122 123 124 125 128 169 170 173 185 196 198 204 210 226 229 230 231 238 242 251 253 255 267 268 293 308 310 313 314 317 1375 ]
L97 [ 97 519 797 798 810 815 826 838 839 852 855 873 892 904 923 927 975 1004 1012 1038 1050 1056 1061 1063 1065 1073 1110 1117 1120 1134 1135 1142 1152 1153 1154 1155 1178 1186 ]
L1378 [ 15 46 71 149 152 193 205 209 218 246 254 256 277 295 297 316 323 338 339 342 344 345 360 362 364 368 381 382 392 396 398 399 401 407 410 422 426 1378 ]
L1385 [ 949 1298 1315 1330 1360 1362 1368 1369 1372 1374 1376 1377 1379 1380 1381 1382 1383 1384 1385 1386 1387 1388 1389 1391 1392 1393 1394 1395 1396 1397 1398 1399 ]
L681 [ 418 553 554 583 609 618 665 681 722 726 739 741 765 768 799 819 823 825 835 846 850 860 864 867 875 880 896 898 911 925 938 945 948 953 958 973 978 979 ]
L1257 [ 367 525 597 731 767 812 901 905 907 932 965 983 1022 1031 1034 1046 1052 1057 1075 1086 1087 1088 1093 1176 1183 1193 1208 1219 1222 1227 1234 1240 1241 1242 1244 1257 1259 1264 ]
L494 [ 494 510 531 637 671 672 678 700 708 710 713 727 748 758 779 789 795 811 857 858 859 910 969 972 990 996 998 1000 1011 1016 1064 1094 1097 1098 1099 1103 1161 1164 ]
L1390 [ 470 730 755 764 937 950 960 984 994 1032 1048 1055 1090 1091 1100 1125 1129 1191 1210 1215 1232 1236 1245 1248 1261 1282 1288 1293 1299 1300 1305 1325 1331 1333 1335 1336 1337 1390 ]
L943 [ 520 632 633 743 747 751 780 791 792 794 806 807 808 843 844 845 877 879 891 895 903 912 917 921 926 931 936 943 954 955 956 992 1007 1008 1013 1018 1029 1030 ]
L944 [ 7 52 65 244 250 337 354 370 391 395 405 430 433 436 447 455 463 483 496 499 504 517 527 528 535 543 546 549 566 567 568 571 576 603 606 619 622 944 ]
L946 [ 332 580 636 654 680 736 770 816 832 833 834 841 862 908 940 946 957 962 967 1015 1024 1035 1040 1041 1043 1054 1062 1082 1175 1179 1218 1221 1231 1239 1260 1266 1274 1279 ]
L562 [ 481 562 668 696 712 782 919 922 1020 1047 1074 1076 1080 1102 1115 1123 1139 1146 1156 1157 1158 1198 1209 1212 1228 1230 1246 1247 1251 1254 1258 1271 1273 1283 1285 1291 1295 1297 ]
L628 [ 432 461 512 515 628 724 738 757 790 803 809 828 829 866 878 885 906 916 999 1025 1027 1033 1051 1101 1112 1113 1114 1124 1131 1132 1136 1143 1165 1185 1194 1206 1207 1223 ]
L373 [ 19 67 82 90 95 98 131 136 147 156 158 203 207 220 228 232 234 237 240 258 259 271 290 296 298 303 304 305 307 315 318 325 326 327 331 333 334 373 ]
L1269 [ 285 321 380 423 507 530 550 585 600 621 641 647 651 663 666 677 692 706 709 729 732 734 735 750 783 800 817 821 824 827 854 861 868 882 884 888 899 1269 ]
L183 [ 183 249 431 464 500 511 526 558 569 613 614 631 650 698 699 702 760 766 769 772 773 781 784 785 787 793 796 802 804 813 830 842 847 848 849 853 876 886 ]
L952 [ 33 92 96 103 104 126 138 141 151 154 157 159 160 162 166 167 168 174 176 177 195 202 211 217 227 235 236 239 248 263 265 272 280 282 286 287 291 952 ]
L1338 [ 831 897 939 961 1036 1122 1181 1182 1197 1200 1214 1237 1250 1253 1256 1262 1267 1278 1281 1287 1292 1294 1296 1301 1302 1307 1308 1310 1311 1312 1316 1322 1324 1326 1334 1338 1350 1352 ]
L1276 [ 570 612 655 669 688 801 805 820 836 865 869 881 930 933 934 942 964 974 977 980 982 991 995 1001 1006 1014 1017 1019 1023 1026 1039 1042 1060 1066 1068 1077 1105 1276 ]
L572 [ 506 557 572 626 721 771 774 840 883 909 928 929 935 941 987 988 989 1005 1009 1010 1028 1045 1053 1095 1111 1121 1127 1128 1133 1137 1147 1149 1150 1151 1160 1162 1170 1172 ]
